1211          |56             |ﾍ褪            |ﾍ褪            |1    |9       |19             |3    |9       |19             |650     |1300    
------------------------------------------------------------------------------------------------------------------------------------------------------------
1212          |12             |ﾍ褪            |ﾍ褪            |30   |8       |19             |11   |9       |19             |650     |6500    
------------------------------------------------------------------------------------------------------------------------------------------------------------
1223          |1              |ﾍ褪            |ﾍ褪            |11   |12      |21             |12   |12      |21             |600     |600     
------------------------------------------------------------------------------------------------------------------------------------------------------------
1224          |123456789      |ﾍ褪            |ﾍ褪            |1    |9       |23             |3    |9       |23             |600     |1200    
------------------------------------------------------------------------------------------------------------------------------------------------------------
2211          |78             |34             |ﾍ褪            |22   |8       |19             |5    |10      |19             |1050    |45150   
------------------------------------------------------------------------------------------------------------------------------------------------------------
2212          |72             |1112           |ﾍ褪            |2    |9       |19             |7    |11      |19             |1050    |69300   
------------------------------------------------------------------------------------------------------------------------------------------------------------
2213          |1              |2              |ﾍ褪            |1    |1       |1              |2    |2       |2              |900     |357300  
------------------------------------------------------------------------------------------------------------------------------------------------------------
2224          |0              |0              |ﾍ褪            |0    |0       |0              |0    |0       |0              |900     |0       
------------------------------------------------------------------------------------------------------------------------------------------------------------
2225          |0              |0              |ﾍ褪            |0    |0       |0              |0    |0       |0              |1250    |0       
------------------------------------------------------------------------------------------------------------------------------------------------------------
2226          |0              |0              |ﾍ褪            |0    |0       |0              |0    |0       |0              |1250    |0       
------------------------------------------------------------------------------------------------------------------------------------------------------------
3311          |0              |0              |0              |0    |0       |0              |0    |0       |0              |1850    |0       
------------------------------------------------------------------------------------------------------------------------------------------------------------
3312          |0              |0              |0              |0    |0       |0              |0    |0       |0              |1850    |0       
------------------------------------------------------------------------------------------------------------------------------------------------------------
3323          |0              |0              |0              |0    |0       |0              |0    |0       |0              |1650    |0       
------------------------------------------------------------------------------------------------------------------------------------------------------------
3324          |0              |0              |0              |0    |0       |0              |0    |0       |0              |1650    |0       
------------------------------------------------------------------------------------------------------------------------------------------------------------
